      1,   6.91125822,   507.952972
      2,    5.0265069,    498.47467
      3,        498.5,           0.
      4,           0.,       -498.5
      5,         508.,           0.
      6,           0.,        -508.
      7,           0.,         508.
      8,           0.,        498.5
      9,   5.96888256,   503.213806
     10,   8.99557018,   498.418823
     11,   12.9640627,    498.33139
     12,   16.9317341,   498.212372
     13,   20.8983307,   498.061768
     14,   24.8636036,   497.879547
     15,   28.8272991,   497.665802
     16,   32.7891655,   497.420471
     17,   36.7489548,   497.143616
     18,   40.7064133,   496.835236
     19,   44.6612892,   496.495331
     20,   48.6133385,   496.123962
     21,   52.5623016,   495.721161
     22,   56.5079308,   495.286896
     23,   60.4499779,   494.821228
     24,   64.3881912,   494.324188
     25,   68.3223267,   493.795807
     26,   72.2521286,   493.236145
     27,   76.1773453,   492.645172
     28,   80.0977325,    492.02298
     29,   84.0130463,   491.369568
     30,    87.923027,   490.685028
     31,   91.8274307,    489.96936
     32,   95.7260208,   489.222626
     33,   99.6185379,   488.444885
     34,   103.504738,   487.636169
     35,   107.384377,   486.796509
     36,   111.257202,   485.925995
     37,   115.122978,   485.024689
     38,   118.981445,   484.092621
     39,   122.832382,   483.129852
     40,   126.675522,   482.136444
     41,   130.510635,   481.112488
     42,   134.337463,   480.058014
     43,   138.155777,   478.973114
     44,   141.965332,   477.857819
     45,     145.7659,   476.712219
     46,   149.557205,   475.536438
     47,   153.339035,   474.330475
     48,   157.111145,   473.094421
     49,   160.873291,     471.8284
     50,   164.625229,    470.53244
     51,   168.366745,   469.206665
     52,   172.097565,   467.851135
     53,    175.81749,   466.465912
     54,    179.52626,   465.051147
     55,   183.223648,   463.606873
     56,   186.909424,    462.13324
     57,   190.583344,   460.630249
     58,   194.245178,   459.098083
     59,   197.894699,   457.536804
     60,   201.531662,   455.946533
     61,   205.155853,   454.327332
     62,   208.767044,   452.679321
     63,    212.36499,   451.002625
     64,   215.949478,   449.297302
     65,   219.520264,   447.563507
     66,   223.077133,   445.801361
     67,   226.619858,   444.010895
     68,   230.148224,   442.192322
     69,   233.661987,   440.345703
     70,   237.160934,    438.47113
     71,   240.644852,   436.568787
     72,   244.113495,   434.638763
     73,   247.566681,   432.681152
     74,    251.00415,   430.696136
     75,    254.42572,   428.683807
     76,   257.831146,   426.644287
     77,   261.220215,   424.577728
     78,   264.592743,   422.484222
     79,   267.948486,   420.363953
     80,   271.287231,   418.217041
     81,   274.608795,   416.043579
     82,   277.912933,    413.84375
     83,   281.199463,   411.617676
     84,    284.46814,   409.365509
     85,   287.718781,   407.087402
     86,   290.951202,   404.783447
     87,   294.165161,   402.453857
     88,   297.360474,   400.098755
     89,   300.536926,   397.718262
     90,   303.694305,   395.312561
     91,   306.832458,   392.881775
     92,   309.951141,   390.426086
     93,   313.050171,   387.945648
     94,   316.129364,   385.440613
     95,   319.188507,   382.911163
     96,   322.227417,   380.357391
     97,    325.24588,   377.779541
     98,   328.243713,   375.177704
     99,   331.220764,   372.552094
    100,   334.176788,   369.902863
    101,   337.111633,   367.230164
    102,   340.025116,    364.53418
    103,   342.917023,   361.815094
    104,    345.78717,    359.07309
    105,   348.635437,   356.308289
    106,   351.461548,   353.520905
    107,   354.265411,    350.71109
    108,   357.046814,   347.879059
    109,   359.805542,   345.024963
    110,   362.541473,   342.148987
    111,   365.254425,   339.251312
    112,   367.944214,   336.332123
    113,   370.610687,   333.391632
    114,   373.253632,   330.429962
    115,   375.872925,   327.447388
    116,   378.468384,   324.444031
    117,   381.039856,   321.420074
    118,   383.587158,   318.375793
    119,   386.110138,   315.311279
    120,   388.608643,   312.226807
    121,    391.08252,   309.122498
    122,   393.531555,   305.998627
    123,   395.955688,   302.855316
    124,   398.354675,   299.692841
    125,   400.728424,   296.511353
    126,   403.076752,   293.311035
    127,   405.399536,   290.092163
    128,   407.696625,   286.854858
    129,   409.967834,   283.599396
    130,   412.213074,   280.325928
    131,   414.432159,   277.034698
    132,      416.625,   273.725922
    133,   418.791382,    270.39975
    134,   420.931244,   267.056458
    135,   423.044373,   263.696228
    136,   425.130707,   260.319275
    137,   427.190094,   256.925812
    138,   429.222382,   253.516068
    139,   431.227448,    250.09024
    140,     433.2052,   246.648575
    141,   435.155457,   243.191254
    142,   437.078125,   239.718506
    143,   438.973083,   236.230576
    144,    440.84021,   232.727661
    145,   442.679382,   229.209991
    146,   444.490479,    225.67778
    147,   446.273407,   222.131256
    148,   448.028015,   218.570663
    149,   449.754242,   214.996201
    150,   451.451935,   211.408112
    151,   453.121033,   207.806625
    152,   454.761353,    204.19194
    153,   456.372864,   200.564331
    154,   457.955444,   196.923996
    155,   459.508972,   193.271164
    156,   461.033386,   189.606094
    157,   462.528534,   185.929001
    158,   463.994385,   182.240112
    159,   465.430817,   178.539673
    160,   466.837708,   174.827896
    161,   468.215027,   171.105057
    162,   469.562653,   167.371353
    163,   470.880493,   163.627045
    164,   472.168488,    159.87236
    165,   473.426544,   156.107544
    166,   474.654572,   152.332825
    167,   475.852509,   148.548447
    168,   477.020264,   144.754639
    169,   478.157806,    140.95166
    170,   479.264984,   137.139755
    171,   480.341797,   133.319153
    172,   481.388153,   129.490082
    173,   482.403992,   125.652809
    174,   483.389252,   121.807571
    175,   484.343842,   117.954605
    176,   485.267731,    114.09417
    177,   486.160858,   110.226486
    178,   487.023132,   106.351822
    179,   487.854553,   102.470413
    180,   488.655029,   98.5825119
    181,    489.42453,   94.6883545
    182,   490.162994,   90.7881927
    183,   490.870361,   86.8822784
    184,   491.546631,   82.9708481
    185,   492.191711,   79.0541611
    186,   492.805603,   75.1324615
    187,   493.388245,   71.2060013
    188,   493.939606,   67.2750244
    189,   494.459625,   63.3397789
    190,   494.948303,   59.4005203
    191,   495.405609,   55.4574928
    192,   495.831482,   51.5109482
    193,   496.225952,    47.561142
    194,   496.588928,   43.6083183
    195,   496.920441,   39.6527252
    196,   497.220428,    35.694622
    197,   497.488892,   31.7342567
    198,     497.7258,   27.7718773
    199,   497.931152,   23.8077374
    200,    498.10495,   19.8420887
    201,   498.247162,   15.8751802
    202,   498.357758,   11.9072657
    203,   498.436798,   7.93859673
    204,   498.484192,   3.96942425
    205,   498.484314,  -3.95471597
    206,   498.437256,  -7.90918303
    207,   498.358826,  -11.8631525
    208,   498.249023,  -15.8163748
    209,    498.10788,  -19.7686024
    210,   497.935364,  -23.7195854
    211,   497.731537,   -27.669075
    212,   497.496368,  -31.6168232
    213,   497.229889,  -35.5625839
    214,   496.932098,  -39.5061035
    215,   496.603058,  -43.4471359
    216,   496.242767,   -47.385437
    217,   495.851227,   -51.320755
    218,   495.428467,  -55.2528419
    219,   494.974548,  -59.1814537
    220,   494.489471,  -63.1063385
    221,   493.973267,  -67.0272522
    222,   493.425995,  -70.9439468
    223,   492.847656,  -74.8561783
    224,   492.238281,  -78.7636948
    225,   491.597931,  -82.6662598
    226,   490.926666,  -86.5636139
    227,   490.224487,  -90.4555283
    228,   489.491455,  -94.3417435
    229,   488.727631,   -98.222023
    230,   487.933014,  -102.096123
    231,   487.107727,  -105.963799
    232,    486.25174,  -109.824799
    233,   485.365173,  -113.678894
    234,   484.448059,  -117.525833
    235,   483.500458,  -121.365372
    236,    482.52243,  -125.197273
    237,   481.514038,  -129.021301
    238,   480.475311,  -132.837189
    239,   479.406372,  -136.644745
    240,   478.307251,   -140.44368
    241,   477.178009,   -144.23378
    242,   476.018768,  -148.014801
    243,   474.829559,  -151.786514
    244,   473.610443,  -155.548676
    245,   472.361542,  -159.301041
    246,   471.082916,  -163.043381
    247,   469.774628,  -166.775452
    248,   468.436768,   -170.49704
    249,   467.069427,  -174.207901
    250,   465.672699,  -177.907776
    251,   464.246674,  -181.596466
    252,   462.791412,  -185.273727
    253,   461.307037,  -188.939331
    254,    459.79361,  -192.593048
    255,   458.251251,  -196.234634
    256,   456.680054,  -199.863876
    257,   455.080139,   -203.48053
    258,   453.451538,  -207.084381
    259,   451.794434,  -210.675201
    260,   450.108887,  -214.252762
    261,   448.394989,  -217.816833
    262,   446.652893,  -221.367203
    263,    444.88269,  -224.903641
    264,   443.084473,  -228.425919
    265,   441.258362,  -231.933823
    266,    439.40451,  -235.427124
    267,    437.52298,  -238.905624
    268,   435.613922,   -242.36908
    269,   433.677429,  -245.817276
    270,   431.713654,      -249.25
    271,   429.722717,  -252.667038
    272,   427.704742,  -256.068176
    273,   425.659821,  -259.453217
    274,   423.588135,  -262.821899
    275,   421.489777,  -266.174042
    276,   419.364899,   -269.50946
    277,   417.213623,  -272.827881
    278,   415.036072,   -276.12915
    279,   412.832428,  -279.413025
    280,   410.602783,  -282.679352
    281,    408.34729,  -285.927856
    282,   406.066101,  -289.158356
    283,   403.759369,  -292.370697
    284,   401.427216,  -295.564606
    285,   399.069794,  -298.739929
    286,   396.687286,  -301.896423
    287,   394.279785,  -305.033936
    288,   391.847473,  -308.152252
    289,   389.390503,   -311.25116
    290,   386.909027,  -314.330505
    291,   384.403168,  -317.390045
    292,   381.873169,  -320.429626
    293,   379.319092,  -323.449036
    294,    376.74115,   -326.44809
    295,   374.139526,  -329.426575
    296,   371.514343,  -332.384338
    297,   368.865753,  -335.321198
    298,    366.19397,  -338.236938
    299,   363.499146,  -341.131409
    300,   360.781433,  -344.004395
    301,   358.040985,  -346.855713
    302,   355.278046,  -349.685242
    303,   352.492737,  -352.492737
    304,   349.685242,  -355.278046
    305,   346.855713,  -358.040985
    306,   344.004395,  -360.781433
    307,   341.131409,  -363.499146
    308,   338.236938,   -366.19397
    309,   335.321198,  -368.865753
    310,   332.384338,  -371.514343
    311,   329.426575,  -374.139526
    312,    326.44809,   -376.74115
    313,   323.449036,  -379.319092
    314,   320.429626,  -381.873169
    315,   317.390045,  -384.403168
    316,   314.330505,  -386.909027
    317,    311.25116,  -389.390503
    318,   308.152252,  -391.847473
    319,   305.033936,  -394.279785
    320,   301.896423,  -396.687286
    321,   298.739929,  -399.069794
    322,   295.564606,  -401.427216
    323,   292.370697,  -403.759369
    324,   289.158356,  -406.066101
    325,   285.927856,   -408.34729
    326,   282.679352,  -410.602783
    327,   279.413025,  -412.832428
    328,    276.12915,  -415.036072
    329,   272.827881,  -417.213623
    330,    269.50946,  -419.364899
    331,   266.174042,  -421.489777
    332,   262.821899,  -423.588135
    333,   259.453217,  -425.659821
    334,   256.068176,  -427.704742
    335,   252.667038,  -429.722717
    336,       249.25,  -431.713654
    337,   245.817276,  -433.677429
    338,    242.36908,  -435.613922
    339,   238.905624,   -437.52298
    340,   235.427124,   -439.40451
    341,   231.933823,  -441.258362
    342,   228.425919,  -443.084473
    343,   224.903641,   -444.88269
    344,   221.367203,  -446.652893
    345,   217.816833,  -448.394989
    346,   214.252762,  -450.108887
    347,   210.675201,  -451.794434
    348,   207.084381,  -453.451538
    349,    203.48053,  -455.080139
    350,   199.863876,  -456.680054
    351,   196.234634,  -458.251251
    352,   192.593048,   -459.79361
    353,   188.939331,  -461.307037
    354,   185.273727,  -462.791412
    355,   181.596466,  -464.246674
    356,   177.907776,  -465.672699
    357,   174.207901,  -467.069427
    358,    170.49704,  -468.436768
    359,   166.775452,  -469.774628
    360,   163.043381,  -471.082916
    361,   159.301041,  -472.361542
    362,   155.548676,  -473.610443
    363,   151.786514,  -474.829559
    364,   148.014801,  -476.018768
    365,    144.23378,  -477.178009
    366,    140.44368,  -478.307251
    367,   136.644745,  -479.406372
    368,   132.837189,  -480.475311
    369,   129.021301,  -481.514038
    370,   125.197273,   -482.52243
    371,   121.365372,  -483.500458
    372,   117.525833,  -484.448059
    373,   113.678894,  -485.365173
    374,   109.824799,   -486.25174
    375,   105.963799,  -487.107727
    376,   102.096123,  -487.933014
    377,    98.222023,  -488.727631
    378,   94.3417435,  -489.491455
    379,   90.4555283,  -490.224487
    380,   86.5636139,  -490.926666
    381,   82.6662598,  -491.597931
    382,   78.7636948,  -492.238281
    383,   74.8561783,  -492.847656
    384,   70.9439468,  -493.425995
    385,   67.0272522,  -493.973267
    386,   63.1063385,  -494.489471
    387,   59.1814537,  -494.974548
    388,   55.2528419,  -495.428467
    389,    51.320755,  -495.851227
    390,    47.385437,  -496.242767
    391,   43.4471359,  -496.603058
    392,   39.5061035,  -496.932098
    393,   35.5625839,  -497.229889
    394,   31.6168232,  -497.496368
    395,    27.669075,  -497.731537
    396,   23.7195854,  -497.935364
    397,   19.7686024,   -498.10788
    398,   15.8163748,  -498.249023
    399,   11.8631525,  -498.358826
    400,   7.90918303,  -498.437256
    401,   3.95471597,  -498.484314
    402,           0.,      -503.25
    403,   507.984131,    4.0154562
    404,   507.936523,   8.03066063
    405,   507.857178,   12.0453644
    406,   507.746094,   16.0593147
    407,   507.603302,   20.0722618
    408,   507.428772,   24.0839558
    409,   507.222565,   28.0941429
    410,    506.98465,   32.1025772
    411,   506.715057,    36.109005
    412,   506.413788,   40.1131744
    413,   506.080902,   44.1148415
    414,     505.7164,   48.1137466
    415,   505.320282,   52.1096497
    416,   504.892609,   56.1022987
    417,    504.43335,   60.0914383
    418,   503.942627,    64.076828
    419,    503.42038,   68.0582047
    420,   502.866699,   72.0353394
    421,   502.281586,   76.0079651
    422,     501.6651,   79.9758453
    423,   501.017242,   83.9387283
    424,   500.338104,   87.8963699
    425,   499.627716,   91.8485184
    426,   498.886078,   95.7949219
    427,   498.113312,   99.7353516
    428,   497.309387,    103.66954
    429,   496.474396,   107.597252
    430,   495.608398,   111.518242
    431,   494.711426,   115.432266
    432,   493.783539,   119.339081
    433,   492.824799,   123.238434
    434,   491.835266,   127.130089
    435,   490.815033,   131.013794
    436,   489.764099,   134.889328
    437,   488.682556,   138.756424
    438,   487.570526,   142.614853
    439,   486.427979,   146.464371
    440,   485.255066,   150.304733
    441,   484.051849,   154.135712
    442,   482.818359,   157.957047
    443,   481.554718,   161.768524
    444,   480.260986,   165.569885
    445,   478.937256,   169.360916
    446,   477.583588,   173.141357
    447,   476.200073,    176.91098
    448,   474.786804,    180.66954
    449,   473.343872,   184.416824
    450,   471.871399,   188.152588
    451,   470.369415,   191.876587
    452,   468.838043,   195.588593
    453,   467.277374,   199.288391
    454,     465.6875,   202.975723
    455,   464.068542,   206.650391
    456,   462.420593,   210.312134
    457,   460.743744,   213.960739
    458,   459.038116,   217.595978
    459,   457.303802,   221.217621
    460,   455.540924,   224.825439
    461,   453.749573,   228.419205
    462,   451.929871,   231.998718
    463,   450.081909,   235.563721
    464,   448.205872,   239.113998
    465,   446.301788,   242.649353
    466,   444.369843,    246.16954
    467,   442.410126,   249.674347
    468,    440.42276,   253.163544
    469,   438.407898,   256.636932
    470,   436.365631,   260.094299
    471,   434.296112,     263.5354
    472,   432.199432,   266.960022
    473,   430.075745,   270.367981
    474,   427.925201,   273.759033
    475,   425.747925,   277.132996
    476,   423.544037,   280.489624
    477,   421.313721,   283.828766
    478,   419.057037,   287.150146
    479,    416.77417,   290.453583
    480,   414.465302,   293.738861
    481,   412.130493,   297.005798
    482,   409.769958,   300.254181
    483,    407.38382,   303.483826
    484,   404.972229,   306.694489
    485,   402.535309,   309.885986
    486,   400.073273,   313.058105
    487,   397.586212,   316.210693
    488,   395.074341,   319.343506
    489,    392.53775,    322.45636
    490,   389.976654,   325.549072
    491,   387.391205,    328.62146
    492,   384.781525,   331.673309
    493,   382.147797,   334.704437
    494,   379.490204,    337.71463
    495,   376.808929,   340.703735
    496,   374.104065,    343.67157
    497,   371.375854,    346.61792
    498,    368.62442,   349.542603
    499,   365.849976,   352.445435
    500,   363.052673,   355.326263
    501,   360.232666,   358.184906
    502,   357.390167,   361.021149
    503,    354.52533,   363.834839
    504,   351.638336,   366.625793
    505,    348.72937,    369.39386
    506,   345.798645,   372.138824
    507,   342.846283,   374.860535
    508,   339.872498,   377.558838
    509,   336.877502,   380.233551
    510,    333.86145,   382.884491
    511,   330.824524,   385.511536
    512,   327.766937,   388.114471
    513,   324.688873,   390.693146
    514,   321.590515,   393.247437
    515,   318.472076,    395.77713
    516,    315.33371,   398.282104
    517,   312.175659,   400.762207
    518,   308.998108,   403.217255
    519,    305.80127,   405.647125
    520,   302.585297,   408.051636
    521,   299.350403,   410.430664
    522,   296.096832,   412.784027
    523,   292.824768,   415.111633
    524,   289.534393,   417.413269
    525,   286.225922,   419.688843
    526,   282.899567,   421.938171
    527,   279.555542,   424.161163
    528,   276.194061,   426.357635
    529,   272.815308,   428.527496
    530,   269.419525,   430.670532
    531,   266.006897,   432.786713
    532,   262.577637,   434.875824
    533,   259.131989,   436.937775
    534,   255.670151,   438.972412
    535,   252.192337,   440.979614
    536,   248.698761,    442.95929
    537,   245.189636,   444.911285
    538,   241.665207,   446.835449
    539,   238.125671,    448.73172
    540,   234.571259,   450.599945
    541,   231.002197,   452.440033
    542,   227.418686,   454.251831
    543,   223.820984,   456.035278
    544,    220.20929,   457.790192
    545,   216.583832,   459.516541
    546,   212.944839,   461.214142
    547,   209.292542,   462.882965
    548,   205.627182,   464.522827
    549,   201.948959,   466.133698
    550,   198.258133,   467.715424
    551,   194.554901,   469.267944
    552,   190.839523,   470.791107
    553,   187.112228,   472.284882
    554,    183.37323,   473.749146
    555,   179.622772,   475.183807
    556,   175.861099,   476.588776
    557,    172.08844,   477.963989
    558,   168.305023,   479.309326
    559,   164.511093,   480.624695
    560,   160.706894,   481.910065
    561,   156.892639,   483.165283
    562,   153.068588,    484.39035
    563,    149.23497,   485.585144
    564,   145.392029,   486.749573
    565,   141.540009,   487.883606
    566,   137.679138,   488.987183
    567,   133.809662,   490.060181
    568,   129.931824,    491.10257
    569,   126.045883,   492.114258
    570,   122.152054,   493.095184
    571,   118.250595,   494.045349
    572,   114.341751,     494.9646
    573,   110.425758,   495.852966
    574,   106.502869,   496.710327
    575,   102.573326,   497.536652
    576,   98.6373749,   498.331879
    577,   94.6952515,   499.095978
    578,   90.7472229,   499.828918
    579,   86.7935181,   500.530609
    580,   82.8343964,   501.201019
    581,   78.8700943,   501.840118
    582,   74.9008636,   502.447876
    583,   70.9269485,   503.024231
    584,   66.9486084,   503.569153
    585,   62.9660873,   504.082611
    586,   58.9796295,   504.564575
    587,   54.9894867,   505.015015
    588,   50.9959068,   505.433899
    589,   46.9991417,   505.821198
    590,   42.9994392,    506.17688
    591,   38.9970512,   506.500977
    592,   34.9922256,   506.793396
    593,   30.9852142,   507.054169
    594,    26.976265,   507.283234
    595,   22.9656334,   507.480621
    596,   18.9535656,   507.646301
    597,   14.9403124,   507.780243
    598,   10.9261265,   507.882477
    599,   4.05053854,  -507.983856
    600,   8.10081959,  -507.935394
    601,   12.1505852,  -507.854675
    602,   16.1995792,  -507.741638
    603,   20.2475414,  -507.596344
    604,   24.2942181,  -507.418762
    605,   28.3393497,  -507.208923
    606,    32.382679,  -506.966827
    607,   36.4239502,  -506.692505
    608,   40.4629059,  -506.385986
    609,   44.4992905,  -506.047241
    610,   48.5328407,  -505.676331
    611,   52.5633087,  -505.273285
    612,    56.590435,  -504.838104
    613,   60.6139641,   -504.37085
    614,   64.6336365,   -503.87149
    615,   68.6492081,  -503.340118
    616,    72.660408,  -502.776764
    617,   76.6669846,  -502.181427
    618,   80.6686935,  -501.554138
    619,   84.6652679,  -500.894989
    620,   88.6564636,  -500.203979
    621,   92.6420288,  -499.481201
    622,   96.6216965,  -498.726624
    623,   100.595222,  -497.940369
    624,   104.562347,  -497.122437
    625,   108.522835,  -496.272919
    626,   112.476418,  -495.391815
    627,   116.422844,  -494.479248
    628,   120.361877,  -493.535217
    629,   124.293251,  -492.559845
    630,   128.216736,  -491.553131
    631,    132.13205,  -490.515167
    632,   136.038971,  -489.446014
    633,   139.937256,  -488.345734
    634,    143.82663,  -487.214417
    635,   147.706863,  -486.052155
    636,   151.577698,  -484.858948
    637,   155.438904,  -483.634918
    638,   159.290222,  -482.380157
    639,   163.131424,  -481.094727
    640,    166.96225,  -479.778717
    641,   170.782455,   -478.43219
    642,   174.591797,  -477.055237
    643,    178.39006,   -475.64798
    644,   182.176956,  -474.210449
    645,   185.952286,  -472.742798
    646,    189.71579,  -471.245087
    647,   193.467239,  -469.717407
    648,   197.206375,  -468.159851
    649,   200.932983,   -466.57254
    650,   204.646805,  -464.955566
    651,   208.347626,  -463.309052
    652,   212.035202,  -461.633057
    653,    215.70929,  -459.927704
    654,   219.369675,  -458.193146
    655,   223.016098,  -456.429413
    656,   226.648346,  -454.636688
    657,    230.26619,  -452.815063
    658,     233.8694,   -450.96463
    659,   237.457718,  -449.085541
    660,    241.03096,  -447.177887
    661,   244.588867,  -445.241821
    662,   248.131226,  -443.277435
    663,   251.657822,  -441.284882
    664,   255.168396,  -439.264252
    665,   258.662781,  -437.215698
    666,   262.140686,  -435.139374
    667,   265.601929,  -433.035339
    668,   269.046295,  -430.903809
    669,   272.473572,  -428.744873
    670,   275.883484,  -426.558655
    671,   279.275879,  -424.345337
    672,   282.650543,  -422.105042
    673,   286.007202,  -419.837921
    674,   289.345673,  -417.544098
    675,   292.665771,  -415.223724
    676,   295.967255,  -412.876953
    677,   299.249939,  -410.503937
    678,    302.51358,  -408.104828
    679,   305.757965,  -405.679749
    680,   308.982941,  -403.228882
    681,   312.188263,  -400.752411
    682,   315.373749,  -398.250427
    683,   318.539154,  -395.723145
    684,   321.684326,  -393.170685
    685,   324.809052,  -390.593231
    686,   327.913116,  -387.990967
    687,   330.996338,  -385.364014
    688,   334.058533,  -382.712555
    689,   337.099457,  -380.036774
    690,   340.118988,  -377.336823
    691,   343.116852,  -374.612885
    692,   346.092926,  -371.865143
    693,   349.046997,   -369.09375
    694,   351.978882,  -366.298889
    695,   354.888367,  -363.480743
    696,   357.775299,  -360.639496
    697,   360.639496,  -357.775299
    698,   363.480743,  -354.888367
    699,   366.298889,  -351.978882
    700,    369.09375,  -349.046997
    701,   371.865143,  -346.092926
    702,   374.612885,  -343.116852
    703,   377.336823,  -340.118988
    704,   380.036774,  -337.099457
    705,   382.712555,  -334.058533
    706,   385.364014,  -330.996338
    707,   387.990967,  -327.913116
    708,   390.593231,  -324.809052
    709,   393.170685,  -321.684326
    710,   395.723145,  -318.539154
    711,   398.250427,  -315.373749
    712,   400.752411,  -312.188263
    713,   403.228882,  -308.982941
    714,   405.679749,  -305.757965
    715,   408.104828,   -302.51358
    716,   410.503937,  -299.249939
    717,   412.876953,  -295.967255
    718,   415.223724,  -292.665771
    719,   417.544098,  -289.345673
    720,   419.837921,  -286.007202
    721,   422.105042,  -282.650543
    722,   424.345337,  -279.275879
    723,   426.558655,  -275.883484
    724,   428.744873,  -272.473572
    725,   430.903809,  -269.046295
    726,   433.035339,  -265.601929
    727,   435.139374,  -262.140686
    728,   437.215698,  -258.662781
    729,   439.264252,  -255.168396
    730,   441.284882,  -251.657822
    731,   443.277435,  -248.131226
    732,   445.241821,  -244.588867
    733,   447.177887,   -241.03096
    734,   449.085541,  -237.457718
    735,    450.96463,    -233.8694
    736,   452.815063,   -230.26619
    737,   454.636688,  -226.648346
    738,   456.429413,  -223.016098
    739,   458.193146,  -219.369675
    740,   459.927704,   -215.70929
    741,   461.633057,  -212.035202
    742,   463.309052,  -208.347626
    743,   464.955566,  -204.646805
    744,    466.57254,  -200.932983
    745,   468.159851,  -197.206375
    746,   469.717407,  -193.467239
    747,   471.245087,   -189.71579
    748,   472.742798,  -185.952286
    749,   474.210449,  -182.176956
    750,    475.64798,   -178.39006
    751,   477.055237,  -174.591797
    752,    478.43219,  -170.782455
    753,   479.778717,   -166.96225
    754,   481.094727,  -163.131424
    755,   482.380157,  -159.290222
    756,   483.634918,  -155.438904
    757,   484.858948,  -151.577698
    758,   486.052155,  -147.706863
    759,   487.214417,   -143.82663
    760,   488.345734,  -139.937256
    761,   489.446014,  -136.038971
    762,   490.515167,   -132.13205
    763,   491.553131,  -128.216736
    764,   492.559845,  -124.293251
    765,   493.535217,  -120.361877
    766,   494.479248,  -116.422844
    767,   495.391815,  -112.476418
    768,   496.272919,  -108.522835
    769,   497.122437,  -104.562347
    770,   497.940369,  -100.595222
    771,   498.726624,  -96.6216965
    772,   499.481201,  -92.6420288
    773,   500.203979,  -88.6564636
    774,   500.894989,  -84.6652679
    775,   501.554138,  -80.6686935
    776,   502.181427,  -76.6669846
    777,   502.776764,   -72.660408
    778,   503.340118,  -68.6492081
    779,    503.87149,  -64.6336365
    780,    504.37085,  -60.6139641
    781,   504.838104,   -56.590435
    782,   505.273285,  -52.5633087
    783,   505.676331,  -48.5328407
    784,   506.047241,  -44.4992905
    785,   506.385986,  -40.4629059
    786,   506.692505,  -36.4239502
    787,   506.966827,   -32.382679
    788,   507.208923,  -28.3393497
    789,   507.418762,  -24.2942181
    790,   507.596344,  -20.2475414
    791,   507.741638,  -16.1995792
    792,   507.854675,  -12.1505852
    793,   507.935394,  -8.10081959
    794,   507.983856,  -4.05053854
    795,           0.,       503.25
    796,   9.96084881,   503.150665
    797,   13.9521875,   503.055817
    798,   17.9426498,   502.929321
    799,    21.931982,   502.771179
    800,   25.9199352,    502.58139
    801,   29.9062557,   502.359985
    802,   33.8906975,   502.106934
    803,   37.8730011,   501.822296
    804,   41.8529243,   501.506073
    805,   45.8302155,   501.158264
    806,   49.8046227,   500.778931
    807,   53.7758942,   500.368073
    808,   57.7437782,    499.92572
    809,   61.7080345,   499.451904
    810,   65.6684036,   498.946655
    811,   69.6246414,   498.410034
    812,   73.5764923,    497.84201
    813,   77.5237198,   497.242645
    814,   81.4660645,      496.612
    815,   85.4032822,   495.950104
    816,   89.3351212,   495.256958
    817,   93.2613449,   494.532684
    818,    97.181694,   493.777252
    819,   101.095932,   492.990753
    820,   105.003799,   492.173248
    821,   108.905067,   491.324738
    822,   112.799477,   490.445313
    823,   116.686783,   489.535004
    824,    120.56675,   488.593903
    825,   124.439133,    487.62204
    826,    128.30368,   486.619507
    827,   132.160141,   485.586334
    828,   136.008301,   484.522583
    829,   139.847885,   483.428375
    830,    143.67868,   482.303711
    831,   147.500427,   481.148682
    832,   151.312897,   479.963379
    833,   155.115845,   478.747864
    834,   158.909012,   477.502228
    835,     162.6922,   476.226532
    836,   166.465134,   474.920868
    837,   170.227585,   473.585327
    838,    173.97934,   472.219971
    839,   177.720139,    470.82486
    840,   181.449753,   469.400146
    841,   185.167938,   467.945892
    842,   188.874466,   466.462158
    843,   192.569122,   464.949097
    844,   196.251648,   463.406769
    845,   199.921829,   461.835266
    846,   203.579422,    460.23468
    847,   207.224197,   458.605133
    848,   210.855942,   456.946747
    849,   214.474411,   455.259583
    850,   218.079376,   453.543762
    851,   221.670624,   451.799408
    852,    225.24791,   450.026611
    853,   228.811035,   448.225464
    854,   232.359741,   446.396149
    855,   235.893829,   444.538696
    856,   239.413071,    442.65329
    857,   242.917252,   440.740021
    858,   246.406128,   438.799011
    859,   249.879501,   436.830383
    860,   253.337158,   434.834259
    861,    256.77887,   432.810791
    862,   260.204407,    430.76004
    863,   263.613556,    428.68222
    864,   267.006134,   426.577393
    865,   270.381897,   424.445709
    866,   273.740662,   422.287323
    867,   277.082184,   420.102386
    868,    280.40625,   417.890961
    869,   283.712677,   415.653259
    870,   287.001251,   413.389404
    871,    290.27179,   411.099518
    872,   293.524017,   408.783752
    873,   296.757782,   406.442261
    874,    299.97287,   404.075195
    875,   303.169098,   401.682678
    876,   306.346222,   399.264923
    877,   309.504059,   396.821991
    878,   312.642426,   394.354095
    879,   315.761108,   391.861389
    880,   318.859924,   389.344025
    881,    321.93869,   386.802155
    882,   324.997162,   384.235931
    883,   328.035187,   381.645538
    884,   331.052582,   379.031097
    885,   334.049133,   376.392822
    886,   337.024658,   373.730835
    887,   339.978973,   371.045349
    888,   342.911865,   368.336517
    889,   345.823212,   365.604492
    890,   348.712769,   362.849426
    891,   351.580383,   360.071564
    892,   354.425873,   357.271027
    893,   357.249023,   354.447998
    894,   360.049744,   351.602661
    895,   362.827759,   348.735199
    896,   365.582947,   345.845795
    897,   368.315155,   342.934601
    898,   371.024139,   340.001831
    899,   373.709808,   337.047668
    900,   376.371918,   334.072296
    901,   379.010376,   331.075897
    902,   381.624969,   328.058655
    903,   384.215515,   325.020782
    904,   386.781921,   321.962433
    905,   389.323944,    318.88382
    906,   391.841492,   315.785156
    907,   394.334351,   312.666595
    908,   396.802429,   309.528351
    909,   399.245514,   306.370636
    910,   401.663452,   303.193665
    911,   404.056122,   299.997589
    912,    406.42337,   296.782623
    913,   408.765015,   293.548981
    914,   411.080963,   290.296875
    915,   413.371002,   287.026489
    916,   415.635071,   283.738037
    917,   417.872925,   280.431732
    918,   420.084534,   277.107758
    919,   422.269653,   273.766388
    920,   424.428223,   270.407745
    921,   426.560059,   267.032104
    922,    428.66507,   263.639648
    923,   430.743103,   260.230591
    924,   432.794006,   256.805176
    925,   434.817688,   253.363586
    926,   436.813965,   249.906052
    927,   438.782776,     246.4328
    928,   440.723999,   242.944031
    929,   442.637451,   239.439957
    930,   444.523041,   235.920837
    931,   446.380646,   232.386856
    932,   448.210175,   228.838242
    933,   450.011475,   225.275238
    934,   451.784485,   221.698044
    935,   453.529022,   218.106918
    936,   455.245026,   214.502045
    937,   456.932373,   210.883682
    938,   458.590973,   207.252045
    939,   460.220703,   203.607361
    940,   461.821472,    199.94986
    941,   463.393188,   196.279785
    942,   464.935699,   192.597351
    943,   466.448975,   188.902786
    944,   467.932892,    185.19635
    945,    469.38736,   181.478241
    946,   470.812256,   177.748718
    947,    472.20755,   174.008011
    948,    473.57312,   170.256363
    949,   474.908875,   166.493988
    950,   476.214722,    162.72113
    951,   477.490631,   158.938034
    952,   478.736481,   155.144928
    953,   479.952179,   151.342072
    954,   481.137665,   147.529694
    955,   482.292908,   143.708023
    956,   483.417755,   139.877304
    957,   484.512177,   136.037781
    958,   485.576141,   132.189697
    959,   486.609497,   128.333298
    960,   487.612274,   124.468826
    961,    488.58432,   120.596519
    962,   489.525635,   116.716621
    963,   490.436127,   112.829376
    964,   491.315765,   108.935036
    965,    492.16449,   105.033836
    966,   492.982208,   101.126022
    967,   493.768921,    97.211853
    968,   494.524536,   93.2915573
    969,   495.249054,   89.3653946
    970,   495.942383,    85.433609
    971,   496.604492,   81.4964447
    972,   497.235352,   77.5541534
    973,     497.8349,    73.606987
    974,   498.403137,   69.6551819
    975,   498.940002,   65.6989899
    976,   499.445465,   61.7386703
    977,   499.919495,   57.7744637
    978,    500.36203,   53.8066216
    979,   500.773102,   49.8353958
    980,   501.152649,   45.8610306
    981,   501.500671,   41.8837852
    982,   501.817108,   37.9039001
    983,   502.101959,   33.9216309
    984,   502.355225,   29.9372272
    985,   502.576843,   25.9509411
    986,   502.766876,   21.9630222
    987,   502.925232,   17.9737206
    988,   503.051941,   13.9832907
    989,   503.146973,   9.99198055
    990,   503.210358,   6.00004244
    991,   503.242065,    2.0077281
    992,   503.242157,  -1.97735798
    993,   503.210541,  -5.97986078
    994,   503.147125,  -9.98198605
    995,   503.051849,  -13.9834805
    996,   502.924744,  -17.9840908
    997,   502.765839,  -21.9835644
    998,   502.575134,  -25.9816475
    999,   502.352631,  -29.9780865
   1000,   502.098358,  -33.9726295
   1001,   501.812317,  -37.9650269
   1002,   501.494507,  -41.9550209
   1003,   501.144989,  -45.9423637
   1004,   500.763794,  -49.9267998
   1005,   500.350891,  -53.9080772
   1006,   499.906342,  -57.8859444
   1007,   499.430145,  -61.8601532
   1008,   498.922394,  -65.8304443
   1009,   498.383057,  -69.7965775
   1010,   497.812195,  -73.7582932
   1011,   497.209839,  -77.7153397
   1012,    496.57605,  -81.6674728
   1013,   495.910828,  -85.6144409
   1014,   495.214233,  -89.5559998
   1015,   494.486328,  -93.4918823
   1016,   493.727112,  -97.4218597
   1017,   492.936676,  -101.345673
   1018,   492.115082,  -105.263077
   1019,   491.262329,  -109.173813
   1020,    490.37851,  -113.077652
   1021,   489.463654,  -116.974335
   1022,   488.517853,  -120.863625
   1023,   487.541138,  -124.745262
   1024,   486.533569,  -128.619019
   1025,   485.495239,  -132.484619
   1026,   484.426178,  -136.341858
   1027,   483.326508,   -140.19046
   1028,   482.196228,  -144.030197
   1029,   481.035461,   -147.86084
   1030,   479.844238,  -151.682114
   1031,   478.622681,   -155.49379
   1032,    477.37085,  -159.295639
   1033,   476.088806,  -163.087402
   1034,   474.776672,  -166.868851
   1035,   473.434479,  -170.639755
   1036,   472.062347,  -174.399857
   1037,   470.660339,  -178.148911
   1038,   469.228577,  -181.886719
   1039,    467.76709,  -185.613007
   1040,   466.276062,   -189.32756
   1041,   464.755493,  -193.030136
   1042,   463.205566,  -196.720505
   1043,   461.626312,  -200.398422
   1044,   460.017853,  -204.063675
   1045,    458.38028,  -207.716003
   1046,   456.713745,  -211.355209
   1047,   455.018311,  -214.981033
   1048,   453.294067,  -218.593262
   1049,   451.541168,   -222.19165
   1050,   449.759705,  -225.776001
   1051,   447.949768,  -229.346054
   1052,   446.111511,  -232.901611
   1053,   444.245026,  -236.442429
   1054,   442.350433,  -239.968292
   1055,   440.427856,  -243.478973
   1056,   438.477448,  -246.974258
   1057,   436.499268,  -250.453903
   1058,     434.4935,  -253.917725
   1059,   432.460205,  -257.365479
   1060,   430.399597,  -260.796936
   1061,   428.311737,  -264.211914
   1062,   426.196777,  -267.610168
   1063,   424.054871,  -270.991516
   1064,   421.886139,  -274.355682
   1065,   419.690704,  -277.702515
   1066,    417.46875,  -281.031799
   1067,   415.220337,  -284.343262
   1068,   412.945709,   -287.63678
   1069,   410.644928,  -290.912079
   1070,   408.318176,  -294.168976
   1071,   405.965576,  -297.407257
   1072,   403.587311,   -300.62674
   1073,   401.183502,  -303.827209
   1074,   398.754333,  -307.008453
   1075,   396.299927,  -310.170258
   1076,   393.820465,  -313.312469
   1077,   391.316071,  -316.434845
   1078,   388.786926,  -319.537201
   1079,   386.233185,  -322.619354
   1080,   383.655029,  -325.681091
   1081,   381.052582,  -328.722229
   1082,   378.426025,  -331.742554
   1083,   375.775543,  -334.741913
   1084,   373.101288,  -337.720093
   1085,   370.403442,   -340.67691
   1086,   367.682129,  -343.612152
   1087,   364.937592,  -346.525696
   1088,   362.169952,  -349.417297
   1089,   359.379395,  -352.286804
   1090,   356.566101,  -355.134003
   1091,   353.730255,  -357.958771
   1092,    350.87204,  -360.760864
   1093,   347.991638,  -363.540161
   1094,   345.089203,  -366.296448
   1095,   342.164948,  -369.029541
   1096,   339.219025,  -371.739319
   1097,   336.251648,  -374.425568
   1098,   333.263031,  -377.088135
   1099,   330.253296,  -379.726868
   1100,   327.222687,  -382.341553
   1101,   324.171387,  -384.932068
   1102,   321.099548,  -387.498199
   1103,   318.007416,  -390.039856
   1104,   314.895172,  -392.556824
   1105,      311.763,   -395.04895
   1106,   308.611115,  -397.516083
   1107,   305.439697,  -399.958099
   1108,   302.248932,  -402.374786
   1109,   299.039093,  -404.766022
   1110,   295.810303,  -407.131653
   1111,   292.562805,  -409.471527
   1112,   289.296814,  -411.785522
   1113,   286.012512,  -414.073425
   1114,   282.710114,  -416.335175
   1115,   279.389832,  -418.570557
   1116,    276.05188,   -420.77948
   1117,   272.696472,  -422.961792
   1118,   269.323792,   -425.11731
   1119,   265.934082,  -427.245972
   1120,   262.527557,  -429.347595
   1121,   259.104431,  -431.422058
   1122,   255.664902,  -433.469208
   1123,   252.209198,  -435.488953
   1124,   248.737549,  -437.481171
   1125,   245.250153,  -439.445679
   1126,   241.747253,  -441.382416
   1127,    238.22905,  -443.291199
   1128,    234.69577,  -445.171967
   1129,   231.147659,  -447.024567
   1130,   227.584915,  -448.848877
   1131,   224.007782,  -450.644806
   1132,   220.416473,  -452.412201
   1133,   216.811218,  -454.151001
   1134,   213.192245,  -455.861084
   1135,   209.559799,  -457.542297
   1136,   205.914078,   -459.19458
   1137,   202.255341,   -460.81781
   1138,   198.583801,  -462.411896
   1139,   194.899704,  -463.976746
   1140,   191.203293,  -465.512207
   1141,   187.494766,   -467.01825
   1142,   183.774384,   -468.49472
   1143,   180.042374,  -469.941589
   1144,   176.298981,  -471.358704
   1145,   172.544418,  -472.746002
   1146,   168.778961,  -474.103394
   1147,   165.002808,  -475.430817
   1148,   161.216232,  -476.728149
   1149,   157.419449,    -477.9953
   1150,   153.612717,  -479.232239
   1151,   149.796249,  -480.438873
   1152,   145.970322,  -481.615082
   1153,   142.135147,  -482.760834
   1154,      138.291,  -483.876068
   1155,    134.43808,  -484.960663
   1156,   130.576675,  -486.014587
   1157,   126.707001,  -487.037781
   1158,   122.829315,  -488.030151
   1159,   118.943855,  -488.991638
   1160,   115.050873,  -489.922211
   1161,   111.150604,  -490.821777
   1162,   107.243317,  -491.690308
   1163,   103.329239,   -492.52774
   1164,   99.4086227,  -493.333984
   1165,     95.48172,  -494.109039
   1166,   91.5487747,  -494.852844
   1167,   87.6100388,  -495.565338
   1168,   83.6657639,   -496.24646
   1169,   79.7161942,   -496.89621
   1170,   75.7615814,  -497.514526
   1171,   71.8021774,  -498.101379
   1172,   67.8382263,  -498.656708
   1173,   63.8699875,  -499.180481
   1174,   59.8977089,  -499.672699
   1175,   55.9216385,  -500.133301
   1176,   51.9420319,  -500.562256
   1177,   47.9591408,  -500.959534
   1178,   43.9732132,  -501.325165
   1179,   39.9845047,  -501.659027
   1180,   35.9932671,  -501.961182
   1181,    31.999752,  -502.231598
   1182,   28.0042133,  -502.470215
   1183,   24.0069008,  -502.677063
   1184,   20.0080719,  -502.852112
   1185,   16.0079765,  -502.995331
   1186,   12.0068684,   -503.10675
   1187,   8.00500107,   -503.18634
   1188,   4.00262737,   -503.23407