  1,   1,   2,   9
  2,   9, 240,   1
  3, 240,   9,  10
  4,  10, 239, 240
  5, 239,  10,  11
  6,  11, 238, 239
  7, 238,  11,  12
  8,  12, 237, 238
  9, 237,  12,  13
 10,  13, 236, 237
 11, 236,  13,  14
 12,  14, 235, 236
 13, 235,  14,  15
 14,  15, 234, 235
 15, 234,  15,  16
 16,  16, 233, 234
 17, 233,  16,  17
 18,  17, 232, 233
 19, 232,  17,  18
 20,  18, 231, 232
 21, 231,  18,  19
 22,  19, 230, 231
 23, 230,  19,  20
 24,  20, 229, 230
 25, 229,  20,  21
 26,  21, 228, 229
 27, 228,  21,  22
 28,  22, 227, 228
 29, 227,  22,  23
 30,  23, 226, 227
 31, 226,  23,  24
 32,  24, 225, 226
 33, 225,  24,  25
 34,  25, 224, 225
 35, 224,  25,  26
 36,  26, 223, 224
 37, 223,  26,  27
 38,  27, 222, 223
 39, 222,  27,  28
 40,  28, 221, 222
 41, 221,  28,  29
 42,  29, 220, 221
 43, 220,  29,  30
 44,  30, 219, 220
 45, 219,  30,  31
 46,  31, 218, 219
 47, 218,  31,  32
 48,  32, 217, 218
 49, 217,  32,  33
 50,  33, 216, 217
 51, 216,  33,  34
 52,  34, 215, 216
 53, 215,  34,  35
 54,  35, 214, 215
 55, 214,  35,  36
 56,  36, 213, 214
 57, 213,  36,  37
 58,  37, 212, 213
 59, 212,  37,  38
 60,  38, 211, 212
 61, 211,  38,  39
 62,  39, 210, 211
 63, 210,  39,  40
 64,  40, 209, 210
 65, 209,  40,  41
 66,  41, 208, 209
 67, 208,  41,  42
 68,  42, 207, 208
 69, 207,  42,  43
 70,  43, 206, 207
 71, 206,  43,  44
 72,  44, 205, 206
 73, 205,  44,  45
 74,  45, 204, 205
 75, 204,  45,  46
 76,  46, 203, 204
 77, 203,  46,  47
 78,  47, 202, 203
 79, 202,  47,  48
 80,  48, 201, 202
 81, 201,  48,  49
 82,  49, 200, 201
 83, 200,  49,  50
 84,  50, 199, 200
 85, 199,  50,  51
 86,  51, 198, 199
 87, 198,  51,  52
 88,  52, 197, 198
 89, 197,  52,  53
 90,  53, 196, 197
 91, 196,  53,  54
 92,  54, 195, 196
 93, 195,  54,  55
 94,  55, 194, 195
 95, 194,  55,  56
 96,  56, 193, 194
 97, 193,  56,  57
 98,  57, 192, 193
 99, 192,  57,  58
100,  58, 191, 192
101, 191,  58,  59
102,  59, 190, 191
103, 190,  59,  60
104,  60, 189, 190
105, 189,  60,  61
106,  61, 188, 189
107, 188,  61,  62
108,  62, 187, 188
109, 187,  62,  63
110,  63, 186, 187
111, 186,  63,  64
112,  64, 185, 186
113, 185,  64,  65
114,  65, 184, 185
115, 184,  65,  66
116,  66, 183, 184
117, 183,  66,  67
118,  67, 182, 183
119, 182,  67,  68
120,  68, 181, 182
121, 181,  68,  69
122,  69, 180, 181
123, 180,  69,  70
124,  70, 179, 180
125, 179,  70,  71
126,  71, 178, 179
127, 178,  71,  72
128,  72, 177, 178
129, 177,  72,  73
130,  73, 176, 177
131, 176,  73,  74
132,  74, 175, 176
133, 175,  74,  75
134,  75, 174, 175
135, 174,  75,  76
136,  76, 173, 174
137, 173,  76,  77
138,  77, 172, 173
139, 172,  77,  78
140,  78, 171, 172
141, 171,  78,  79
142,  79, 170, 171
143, 170,  79,  80
144,  80, 169, 170
145, 169,  80,  81
146,  81, 168, 169
147, 168,  81,  82
148,  82, 167, 168
149, 167,  82,  83
150,  83, 166, 167
151, 166,  83,  84
152,  84, 165, 166
153, 165,  84,  85
154,  85, 164, 165
155, 164,  85,  86
156,  86,   5, 164
157,   5,  86,   3
158,   3, 318,   5
159, 318,   3,  87
160,  87, 317, 318
161, 317,  87,  88
162,  88, 316, 317
163, 316,  88,  89
164,  89, 315, 316
165, 315,  89,  90
166,  90, 314, 315
167, 314,  90,  91
168,  91, 313, 314
169, 313,  91,  92
170,  92, 312, 313
171, 312,  92,  93
172,  93, 311, 312
173, 311,  93,  94
174,  94, 310, 311
175, 310,  94,  95
176,  95, 309, 310
177, 309,  95,  96
178,  96, 308, 309
179, 308,  96,  97
180,  97, 307, 308
181, 307,  97,  98
182,  98, 306, 307
183, 306,  98,  99
184,  99, 305, 306
185, 305,  99, 100
186, 100, 304, 305
187, 304, 100, 101
188, 101, 303, 304
189, 303, 101, 102
190, 102, 302, 303
191, 302, 102, 103
192, 103, 301, 302
193, 301, 103, 104
194, 104, 300, 301
195, 300, 104, 105
196, 105, 299, 300
197, 299, 105, 106
198, 106, 298, 299
199, 298, 106, 107
200, 107, 297, 298
201, 297, 107, 108
202, 108, 296, 297
203, 296, 108, 109
204, 109, 295, 296
205, 295, 109, 110
206, 110, 294, 295
207, 294, 110, 111
208, 111, 293, 294
209, 293, 111, 112
210, 112, 292, 293
211, 292, 112, 113
212, 113, 291, 292
213, 291, 113, 114
214, 114, 290, 291
215, 290, 114, 115
216, 115, 289, 290
217, 289, 115, 116
218, 116, 288, 289
219, 288, 116, 117
220, 117, 287, 288
221, 287, 117, 118
222, 118, 286, 287
223, 286, 118, 119
224, 119, 285, 286
225, 285, 119, 120
226, 120, 284, 285
227, 284, 120, 121
228, 121, 283, 284
229, 283, 121, 122
230, 122, 282, 283
231, 282, 122, 123
232, 123, 281, 282
233, 281, 123, 124
234, 124, 280, 281
235, 280, 124, 125
236, 125, 279, 280
237, 279, 125, 126
238, 126, 278, 279
239, 278, 126, 127
240, 127, 277, 278
241, 277, 127, 128
242, 128, 276, 277
243, 276, 128, 129
244, 129, 275, 276
245, 275, 129, 130
246, 130, 274, 275
247, 274, 130, 131
248, 131, 273, 274
249, 273, 131, 132
250, 132, 272, 273
251, 272, 132, 133
252, 133, 271, 272
253, 271, 133, 134
254, 134, 270, 271
255, 270, 134, 135
256, 135, 269, 270
257, 269, 135, 136
258, 136, 268, 269
259, 268, 136, 137
260, 137, 267, 268
261, 267, 137, 138
262, 138, 266, 267
263, 266, 138, 139
264, 139, 265, 266
265, 265, 139, 140
266, 140, 264, 265
267, 264, 140, 141
268, 141, 263, 264
269, 263, 141, 142
270, 142, 262, 263
271, 262, 142, 143
272, 143, 261, 262
273, 261, 143, 144
274, 144, 260, 261
275, 260, 144, 145
276, 145, 259, 260
277, 259, 145, 146
278, 146, 258, 259
279, 258, 146, 147
280, 147, 257, 258
281, 257, 147, 148
282, 148, 256, 257
283, 256, 148, 149
284, 149, 255, 256
285, 255, 149, 150
286, 150, 254, 255
287, 254, 150, 151
288, 151, 253, 254
289, 253, 151, 152
290, 152, 252, 253
291, 252, 152, 153
292, 153, 251, 252
293, 251, 153, 154
294, 154, 250, 251
295, 250, 154, 155
296, 155, 249, 250
297, 249, 155, 156
298, 156, 248, 249
299, 248, 156, 157
300, 157, 247, 248
301, 247, 157, 158
302, 158, 246, 247
303, 246, 158, 159
304, 159, 245, 246
305, 245, 159, 160
306, 160, 244, 245
307, 244, 160, 161
308, 161, 243, 244
309, 243, 161, 162
310, 162, 242, 243
311, 242, 162, 163
312, 163, 241, 242
313, 241, 163,   4
314,   4,   6, 241
315, 2, 1, 7
316, 7, 8, 2