      1,   6.91125822,   507.952972
      2,    5.0265069,    498.47467
      3,        498.5,           0.
      4,           0.,       -498.5
      5,         508.,           0.
      6,           0.,        -508.
      7,           0.,         508.
      8,           0.,        498.5
      9,   14.8726807,   498.278076
     10,   24.7130508,   497.887054
     11,   34.5437737,   497.301697
     12,   44.3610153,   496.522247
     13,   54.1609459,   495.549042
     14,   63.9397354,   494.382416
     15,    73.693573,   493.022827
     16,   83.4186478,   491.470825
     17,   93.1111679,    489.72702
     18,   102.767349,   487.792084
     19,   112.383415,   485.666779
     20,   121.955627,   483.351929
     21,    131.48024,   480.848419
     22,   140.953537,   478.157257
     23,   150.371826,   475.279449
     24,    159.73143,   472.216187
     25,   169.028687,   468.968597
     26,   178.259979,   465.537994
     27,   187.421692,    461.92572
     28,   196.510269,   458.133118
     29,   205.522141,   454.161743
     30,   214.453812,   450.013123
     31,   223.301788,   445.688873
     32,   232.062607,   441.190674
     33,   240.732849,   436.520264
     34,   249.309143,   431.679504
     35,   257.788147,   426.670288
     36,   266.166534,   421.494507
     37,    274.44104,   416.154266
     38,   282.608429,   410.651581
     39,   290.665527,   404.988647
     40,   298.609192,   399.167633
     41,    306.43631,   393.190857
     42,   314.143829,   387.060608
     43,   321.728729,   380.779297
     44,    329.18808,   374.349365
     45,   336.518951,   367.773346
     46,   343.718506,   361.053802
     47,   350.783875,   354.193329
     48,   357.712372,   347.194641
     49,   364.501251,   340.060425
     50,   371.147858,   332.793488
     51,   377.649628,   325.396698
     52,   384.004028,   317.872864
     53,   390.208527,   310.225006
     54,   396.260742,   302.456085
     55,   402.158295,   294.569092
     56,   407.898926,   286.567139
     57,   413.480316,   278.453339
     58,    418.90036,   270.230896
     59,   424.156921,   261.902954
     60,   429.247925,   253.472809
     61,   434.171417,   244.943726
     62,   438.925446,   236.319061
     63,   443.508179,   227.602158
     64,   447.917816,   218.796432
     65,   452.152649,   209.905304
     66,   456.210999,   200.932266
     67,   460.091309,   191.880798
     68,   463.792053,   182.754456
     69,   467.311768,   173.556778
     70,   470.649139,   164.291351
     71,   473.802795,   154.961823
     72,   476.771545,   145.571808
     73,   479.554199,   136.124985
     74,   482.149719,   126.625038
     75,   484.557068,   117.075661
     76,   486.775269,   107.480598
     77,   488.803528,   97.8435898
     78,   490.640991,   88.1683884
     79,   492.286987,   78.4587784
     80,   493.740845,   68.7185516
     81,   495.001984,   58.9514999
     82,   496.069946,   49.1614418
     83,   496.944305,   39.3521957
     84,   497.624725,   29.5275936
     85,   498.110931,   19.6914673
     86,    498.40271,    9.8476553
     87,   498.398926,  -10.0383215
     88,   498.095703,  -20.0725708
     89,   497.590515,  -30.0986805
     90,   496.883514,  -40.1125832
     91,   495.975006,  -50.1102219
     92,   494.865387,  -60.0875359
     93,   493.555054,  -70.0404816
     94,   492.044556,  -79.9650269
     95,   490.334534,  -89.8571396
     96,   488.425629,  -99.7128067
     97,   486.318665,  -109.528046
     98,   484.014496,  -119.298859
     99,   481.514038,  -129.021301
    100,   478.818268,  -138.691406
    101,   475.928345,  -148.305267
    102,   472.845428,  -157.858994
    103,   469.570709,  -167.348694
    104,   466.105591,  -176.770538
    105,   462.451447,  -186.120682
    106,   458.609741,  -195.395355
    107,   454.582062,   -204.59079
    108,   450.370056,  -213.703247
    109,   445.975372,  -222.729034
    110,   441.399841,  -231.664505
    111,   436.645294,  -240.506012
    112,   431.713654,      -249.25
    113,   426.606964,  -257.892914
    114,   421.327271,  -266.431213
    115,   415.876678,  -274.861481
    116,   410.257446,  -283.180267
    117,   404.471863,  -291.384247
    118,   398.522217,  -299.470032
    119,    392.41098,  -307.434357
    120,   386.140564,  -315.274017
    121,   379.713593,   -322.98584
    122,   373.132599,   -330.56665
    123,   366.400299,  -338.013397
    124,   359.519409,   -345.32309
    125,   352.492737,  -352.492737
    126,    345.32309,  -359.519409
    127,   338.013397,  -366.400299
    128,    330.56665,  -373.132599
    129,    322.98584,  -379.713593
    130,   315.274017,  -386.140564
    131,   307.434357,   -392.41098
    132,   299.470032,  -398.522217
    133,   291.384247,  -404.471863
    134,   283.180267,  -410.257446
    135,   274.861481,  -415.876678
    136,   266.431213,  -421.327271
    137,   257.892914,  -426.606964
    138,       249.25,  -431.713654
    139,   240.506012,  -436.645294
    140,   231.664505,  -441.399841
    141,   222.729034,  -445.975372
    142,   213.703247,  -450.370056
    143,    204.59079,  -454.582062
    144,   195.395355,  -458.609741
    145,   186.120682,  -462.451447
    146,   176.770538,  -466.105591
    147,   167.348694,  -469.570709
    148,   157.858994,  -472.845428
    149,   148.305267,  -475.928345
    150,   138.691406,  -478.818268
    151,   129.021301,  -481.514038
    152,   119.298859,  -484.014496
    153,   109.528046,  -486.318665
    154,   99.7128067,  -488.425629
    155,   89.8571396,  -490.334534
    156,   79.9650269,  -492.044556
    157,   70.0404816,  -493.555054
    158,   60.0875359,  -494.865387
    159,   50.1102219,  -495.975006
    160,   40.1125832,  -496.883514
    161,   30.0986805,  -497.590515
    162,   20.0725708,  -498.095703
    163,   10.0383215,  -498.398926
    164,   507.898773,   10.1410322
    165,   507.595123,   20.2780228
    166,   507.089172,   30.4069309
    167,   506.381104,   40.5237236
    168,   505.471252,   50.6243629
    169,   504.359924,   60.7048264
    170,   503.047577,   70.7610931
    171,    501.53476,   80.7891617
    172,   499.822052,   90.7850342
    173,   497.910126,    100.74472
    174,   495.799774,   110.664253
    175,   493.491821,   120.539688
    176,   490.987183,   130.367081
    177,   488.286865,   140.142502
    178,   485.391968,   149.862091
    179,   482.303589,   159.521942
    180,    479.02298,    169.11821
    181,   475.551483,   178.647095
    182,   471.890442,   188.104767
    183,   468.041351,   197.487473
    184,   464.005707,   206.791458
    185,   459.785126,   216.013046
    186,   455.381317,   225.148529
    187,    450.79599,    234.19429
    188,   446.031036,   243.146713
    189,   441.088287,   252.002228
    190,   435.969757,   260.757294
    191,    430.67746,   269.408447
    192,   425.213531,    277.95224
    193,   419.580139,   286.385254
    194,    413.77951,   294.704102
    195,   407.813965,   302.905518
    196,   401.685913,   310.986206
    197,   395.397766,   318.942963
    198,   388.951996,   326.772614
    199,   382.351257,   334.472015
    200,   375.598114,   342.038086
    201,   368.695282,   349.467865
    202,   361.645477,   356.758392
    203,   354.451569,   363.906677
    204,   347.116394,   370.909973
    205,   339.642883,   377.765442
    206,   332.033997,   384.470337
    207,   324.292786,   391.022003
    208,   316.422302,   397.417816
    209,   308.425751,   403.655243
    210,   300.306244,   409.731812
    211,   292.067047,   415.645081
    212,   283.711487,     421.3927
    213,   275.242828,   426.972351
    214,   266.664459,   432.381836
    215,   257.979828,   437.619019
    216,   249.192383,   442.681763
    217,   240.305618,   447.568115
    218,    231.32309,   452.276062
    219,   222.248352,   456.803741
    220,   213.085052,   461.149384
    221,   203.836823,   465.311249
    222,   194.507339,   469.287628
    223,   185.100357,   473.076996
    224,   175.619598,   476.677826
    225,   166.068832,   480.088684
    226,   156.451904,   483.308197
    227,   146.772598,   486.335083
    228,   137.034805,   489.168121
    229,   127.242409,   491.806244
    230,   117.399292,   494.248322
    231,   107.509384,   496.493439
    232,   97.5766296,    498.54068
    233,   87.6049881,   500.389221
    234,   77.5984268,    502.03833
    235,   67.5609436,   503.487366
    236,   57.4965324,   504.735718
    237,   47.4092064,   505.782928
    238,   37.3029823,    506.62854
    239,   27.1818962,   507.272247
    240,   17.0499744,   507.713806
    241,   10.1001511,  -507.899597
    242,     20.19631,  -507.598389
    243,    30.284483,  -507.096497
    244,   40.3606834,  -506.394135
    245,    50.420929,  -505.491577
    246,   60.4612427,   -504.38916
    247,   70.4776535,  -503.087372
    248,   80.4661942,   -501.58667
    249,   90.4229279,  -499.887695
    250,   100.343918,  -497.991058
    251,   110.225235,  -495.897552
    252,   120.062973,  -493.608032
    253,   129.853256,  -491.123352
    254,   139.592194,  -488.444489
    255,    149.27594,   -485.57254
    256,   158.900681,  -482.508636
    257,   168.462601,  -479.253967
    258,   177.957916,  -475.809814
    259,   187.382874,  -472.177582
    260,   196.733749,  -468.358643
    261,   206.006866,  -464.354584
    262,   215.198532,  -460.166931
    263,   224.305115,  -455.797333
    264,   233.323029,  -451.247559
    265,   242.248688,  -446.519409
    266,   251.078583,  -441.614685
    267,   259.809235,    -436.5354
    268,   268.437134,  -431.283539
    269,   276.958954,  -425.861176
    270,   285.371246,  -420.270447
    271,   293.670746,   -414.51358
    272,   301.854126,  -408.592804
    273,   309.918182,  -402.510529
    274,   317.859711,  -396.269104
    275,   325.675568,  -389.871033
    276,   333.362671,  -383.318817
    277,   340.917999,  -376.615082
    278,   348.338531,  -369.762421
    279,   355.621368,  -362.763611
    280,   362.763611,  -355.621368
    281,   369.762421,  -348.338531
    282,   376.615082,  -340.917999
    283,   383.318817,  -333.362671
    284,   389.871033,  -325.675568
    285,   396.269104,  -317.859711
    286,   402.510529,  -309.918182
    287,   408.592804,  -301.854126
    288,    414.51358,  -293.670746
    289,   420.270447,  -285.371246
    290,   425.861176,  -276.958954
    291,   431.283539,  -268.437134
    292,     436.5354,  -259.809235
    293,   441.614685,  -251.078583
    294,   446.519409,  -242.248688
    295,   451.247559,  -233.323029
    296,   455.797333,  -224.305115
    297,   460.166931,  -215.198532
    298,   464.354584,  -206.006866
    299,   468.358643,  -196.733749
    300,   472.177582,  -187.382874
    301,   475.809814,  -177.957916
    302,   479.253967,  -168.462601
    303,   482.508636,  -158.900681
    304,    485.57254,   -149.27594
    305,   488.444489,  -139.592194
    306,   491.123352,  -129.853256
    307,   493.608032,  -120.062973
    308,   495.897552,  -110.225235
    309,   497.991058,  -100.343918
    310,   499.887695,  -90.4229279
    311,    501.58667,  -80.4661942
    312,   503.087372,  -70.4776535
    313,    504.38916,  -60.4612427
    314,   505.491577,   -50.420929
    315,   506.394135,  -40.3606834
    316,   507.096497,   -30.284483
    317,   507.598389,    -20.19631
    318,   507.899597,  -10.1001511